Wavelength;Intensity_Meas;Intensity_Ref;Difference_dB
1550.0000;-87.2900;-24.1800;-63.1100
1550.1000;-87.1600;-24.1700;-62.9900
1550.2000;-87.0600;-24.1500;-62.9100
1550.3000;-87.2200;-24.1400;-63.0800
1550.4000;-88.5200;-24.1200;-64.4000
1550.5000;-89.7800;-24.1000;-65.6800
1550.6000;-90.6800;-24.0900;-66.5900
1550.7000;-92.7000;-24.0700;-68.6300
1550.8000;-94.2000;-24.0500;-70.1500
1550.9000;-94.1900;-24.0300;-70.1600
1551.0000;-91.9900;-24.0200;-67.9700
1551.1000;-89.9900;-24.0000;-65.9900
1551.2000;-89.1100;-23.9800;-65.1300
1551.3000;-87.6300;-23.9600;-63.6700
1551.4000;-86.3800;-23.9400;-62.4400
1551.5000;-85.5700;-23.9200;-61.6500
1551.6000;-85.1600;-23.9000;-61.2600
1551.7000;-85.6300;-23.8800;-61.7500
1551.8000;-85.9700;-23.8600;-62.1100
1551.9000;-86.1300;-23.8400;-62.2900
1552.0000;-87.3700;-23.8200;-63.5500
1552.1000;-88.8400;-23.8100;-65.0300
1552.2000;-89.9400;-23.7900;-66.1500
1552.3000;-90.5200;-23.7700;-66.7500
1552.4000;-90.2800;-23.7600;-66.5200
1552.5000;-90.7600;-23.7400;-67.0200
1552.6000;-90.2400;-23.7200;-66.5200
1552.7000;-87.9100;-23.7100;-64.2000
1552.8000;-86.5800;-23.6900;-62.8900
1552.9000;-85.9400;-23.6700;-62.2700
1553.0000;-85.5200;-23.6600;-61.8600
1553.1000;-85.6000;-23.6400;-61.9600
1553.2000;-85.7300;-23.6300;-62.1000
1553.3000;-86.0600;-23.6100;-62.4500
1553.4000;-86.7300;-23.5900;-63.1400
1553.5000;-87.4700;-23.5800;-63.8900
1553.6000;-87.7300;-23.5600;-64.1700
1553.7000;-87.8400;-23.5400;-64.3000
1553.8000;-88.7200;-23.5300;-65.1900
1553.9000;-89.8000;-23.5100;-66.2900
1554.0000;-90.3000;-23.4900;-66.8100
1554.1000;-89.4800;-23.4800;-66.0000
1554.2000;-89.4200;-23.4700;-65.9500
1554.3000;-91.5700;-23.4500;-68.1200
1554.4000;-91.6100;-23.4400;-68.1700
1554.5000;-90.7900;-23.4200;-67.3700
1554.6000;-91.1400;-23.4000;-67.7400
1554.7000;-91.1700;-23.3900;-67.7800
1554.8000;-90.2500;-23.3700;-66.8800
1554.9000;-90.7500;-23.3600;-67.3900
1555.0000;-94.6300;-23.3400;-71.2900
1555.1000;-210.0000;-23.3200;-186.6800
1555.2000;-210.0000;-23.3100;-186.6900
1555.3000;-210.0000;-23.2900;-186.7100
1555.4000;-210.0000;-23.2700;-186.7300
1555.5000;-210.0000;-23.2500;-186.7500
1555.6000;-210.0000;-23.2400;-186.7600
1555.7000;-210.0000;-23.2200;-186.7800
1555.8000;-210.0000;-23.2000;-186.8000
1555.9000;-210.0000;-23.1900;-186.8100
1556.0000;-93.3900;-23.1700;-70.2200
1556.1000;-89.4900;-23.1600;-66.3300
1556.2000;-87.9700;-23.1400;-64.8300
1556.3000;-87.0500;-23.1200;-63.9300
1556.4000;-85.9600;-23.1100;-62.8500
1556.5000;-85.6600;-23.0900;-62.5700
1556.6000;-85.9100;-23.0800;-62.8300
1556.7000;-85.7700;-23.0600;-62.7100
1556.8000;-85.7600;-23.0500;-62.7100
1556.9000;-86.5200;-23.0300;-63.4900
1557.0000;-87.5500;-23.0200;-64.5300
1557.1000;-88.9100;-23.0000;-65.9100
1557.2000;-90.0900;-22.9900;-67.1000
1557.3000;-90.0800;-22.9700;-67.1100
1557.4000;-92.4100;-22.9600;-69.4500
1557.5000;-92.1900;-22.9400;-69.2500
1557.6000;-89.3900;-22.9300;-66.4600
1557.7000;-89.3600;-22.9100;-66.4500
1557.8000;-89.4700;-22.9000;-66.5700
1557.9000;-88.7900;-22.8800;-65.9100
1558.0000;-88.3600;-22.8600;-65.5000
1558.1000;-87.2200;-22.8500;-64.3700
1558.2000;-85.8200;-22.8300;-62.9900
1558.3000;-85.5300;-22.8100;-62.7200
1558.4000;-85.6800;-22.8000;-62.8800
1558.5000;-86.4900;-22.7800;-63.7100
1558.6000;-88.3900;-22.7600;-65.6300
1558.7000;-89.2300;-22.7500;-66.4800
1558.8000;-89.0500;-22.7300;-66.3200
1558.9000;-88.9400;-22.7200;-66.2200
1559.0000;-87.9200;-22.7000;-65.2200
1559.1000;-87.7800;-22.6900;-65.0900
1559.2000;-89.5200;-22.6700;-66.8500
1559.3000;-90.2300;-22.6600;-67.5700
1559.4000;-88.5300;-22.6500;-65.8800
1559.5000;-86.9800;-22.6300;-64.3500
1559.6000;-85.9300;-22.6200;-63.3100
1559.7000;-85.4300;-22.6100;-62.8200
1559.8000;-85.4200;-22.5900;-62.8300
1559.9000;-85.9800;-22.5800;-63.4000
1560.0000;-86.5700;-22.5700;-64.0000
1560.1000;-86.8500;-22.5500;-64.3000
1560.2000;-87.1600;-22.5400;-64.6200
1560.3000;-87.0700;-22.5200;-64.5500
1560.4000;-87.0900;-22.5100;-64.5800
1560.5000;-87.1700;-22.4900;-64.6800
1560.6000;-87.1500;-22.4800;-64.6700
1560.7000;-86.8500;-22.4700;-64.3800
1560.8000;-86.5500;-22.4500;-64.1000
1560.9000;-86.3600;-22.4400;-63.9200
1561.0000;-87.0400;-22.4300;-64.6100
1561.1000;-87.7900;-22.4200;-65.3700
1561.2000;-87.4400;-22.4100;-65.0300
1561.3000;-87.8900;-22.3900;-65.5000
1561.4000;-87.8500;-22.3800;-65.4700
1561.5000;-86.8200;-22.3700;-64.4500
1561.6000;-86.6000;-22.3600;-64.2400
1561.7000;-87.4600;-22.3400;-65.1200
1561.8000;-87.4300;-22.3300;-65.1000
1561.9000;-86.1500;-22.3200;-63.8300
1562.0000;-85.0100;-22.3100;-62.7000
1562.1000;-84.3800;-22.2900;-62.0900
1562.2000;-84.1000;-22.2800;-61.8200
1562.3000;-83.9000;-22.2700;-61.6300
1562.4000;-84.2600;-22.2500;-62.0100
1562.5000;-85.3300;-22.2400;-63.0900
1562.6000;-85.9400;-22.2300;-63.7100
1562.7000;-85.7900;-22.2100;-63.5800
1562.8000;-85.9400;-22.2000;-63.7400
1562.9000;-86.4000;-22.1900;-64.2100
1563.0000;-86.5200;-22.1700;-64.3500
1563.1000;-86.3100;-22.1600;-64.1500
1563.2000;-86.9100;-22.1500;-64.7600
1563.3000;-87.5300;-22.1300;-65.4000
1563.4000;-87.0500;-22.1200;-64.9300
1563.5000;-86.2100;-22.1100;-64.1000
1563.6000;-85.8200;-22.0900;-63.7300
1563.7000;-85.6000;-22.0800;-63.5200
1563.8000;-85.4800;-22.0700;-63.4100
1563.9000;-85.9300;-22.0600;-63.8700
1564.0000;-86.7300;-22.0400;-64.6900
1564.1000;-87.0900;-22.0300;-65.0600
1564.2000;-86.4400;-22.0200;-64.4200
1564.3000;-86.0200;-22.0100;-64.0100
1564.4000;-86.0400;-21.9900;-64.0500
1564.5000;-86.2200;-21.9800;-64.2400
1564.6000;-86.6600;-21.9700;-64.6900
1564.7000;-87.2000;-21.9500;-65.2500
1564.8000;-87.6400;-21.9400;-65.7000
1564.9000;-87.6400;-21.9300;-65.7100
1565.0000;-87.3200;-21.9200;-65.4000
1565.1000;-86.9300;-21.9000;-65.0300
1565.2000;-86.3600;-21.8900;-64.4700
1565.3000;-86.0500;-21.8800;-64.1700
1565.4000;-86.3300;-21.8700;-64.4600
1565.5000;-86.9900;-21.8600;-65.1300
1565.6000;-87.7500;-21.8400;-65.9100
1565.7000;-88.4800;-21.8300;-66.6500
1565.8000;-88.8400;-21.8200;-67.0200
1565.9000;-87.9200;-21.8100;-66.1100
1566.0000;-86.9200;-21.7900;-65.1300
1566.1000;-87.2800;-21.7800;-65.5000
1566.2000;-88.3100;-21.7700;-66.5400
1566.3000;-88.7700;-21.7600;-67.0100
1566.4000;-88.6500;-21.7400;-66.9100
1566.5000;-87.9300;-21.7300;-66.2000
1566.6000;-86.8000;-21.7200;-65.0800
1566.7000;-85.5400;-21.7100;-63.8300
1566.8000;-85.0100;-21.7000;-63.3100
1566.9000;-85.0100;-21.6900;-63.3200
1567.0000;-84.8100;-21.6700;-63.1400
1567.1000;-84.2200;-21.6600;-62.5600
1567.2000;-83.8700;-21.6500;-62.2200
1567.3000;-83.9600;-21.6400;-62.3200
1567.4000;-84.1400;-21.6300;-62.5100
1567.5000;-84.1500;-21.6200;-62.5300
1567.6000;-84.3600;-21.6000;-62.7600
1567.7000;-85.0600;-21.5900;-63.4700
1567.8000;-85.4100;-21.5800;-63.8300
1567.9000;-85.6500;-21.5700;-64.0800
1568.0000;-86.3400;-21.5600;-64.7800
1568.1000;-87.6800;-21.5500;-66.1300
1568.2000;-89.0500;-21.5400;-67.5100
1568.3000;-88.7900;-21.5300;-67.2600
1568.4000;-87.6300;-21.5100;-66.1200
1568.5000;-87.6900;-21.5000;-66.1900
1568.6000;-88.3900;-21.4900;-66.9000
1568.7000;-87.7100;-21.4800;-66.2300
1568.8000;-86.7300;-21.4700;-65.2600
1568.9000;-86.5300;-21.4600;-65.0700
1569.0000;-87.3700;-21.4500;-65.9200
1569.1000;-87.5000;-21.4400;-66.0600
1569.2000;-86.8300;-21.4300;-65.4000
1569.3000;-86.9000;-21.4200;-65.4800
1569.4000;-87.3700;-21.4100;-65.9600
1569.5000;-87.3200;-21.4000;-65.9200
1569.6000;-86.9100;-21.3900;-65.5200
1569.7000;-87.3300;-21.3800;-65.9500
1569.8000;-88.5900;-21.3700;-67.2200
1569.9000;-89.4800;-21.3600;-68.1200
1570.0000;-88.3900;-21.3500;-67.0400
1570.1000;-88.0600;-21.3400;-66.7200
1570.2000;-88.5900;-21.3300;-67.2600
1570.3000;-88.0900;-21.3200;-66.7700
1570.4000;-87.7300;-21.3100;-66.4200
1570.5000;-87.1600;-21.3000;-65.8600
1570.6000;-85.9100;-21.2900;-64.6200
1570.7000;-85.1900;-21.2800;-63.9100
1570.8000;-84.9700;-21.2700;-63.7000
1570.9000;-84.8900;-21.2600;-63.6300
1571.0000;-84.7900;-21.2500;-63.5400
1571.1000;-84.3300;-21.2400;-63.0900
1571.2000;-83.7500;-21.2300;-62.5200
1571.3000;-83.6900;-21.2300;-62.4600
1571.4000;-83.9300;-21.2200;-62.7100
1571.5000;-84.0200;-21.2100;-62.8100
1571.6000;-84.3300;-21.2000;-63.1300
1571.7000;-84.4500;-21.1900;-63.2600
1571.8000;-84.0700;-21.1800;-62.8900
1571.9000;-83.6700;-21.1700;-62.5000
1572.0000;-83.7800;-21.1600;-62.6200
1572.1000;-84.7200;-21.1500;-63.5700
1572.2000;-85.7600;-21.1400;-64.6200
1572.3000;-86.2400;-21.1300;-65.1100
1572.4000;-86.4400;-21.1200;-65.3200
1572.5000;-86.7000;-21.1100;-65.5900
1572.6000;-86.7000;-21.1000;-65.6000
1572.7000;-86.4700;-21.0900;-65.3800
1572.8000;-86.7000;-21.0800;-65.6200
1572.9000;-86.8400;-21.0700;-65.7700
1573.0000;-86.7400;-21.0600;-65.6800
1573.1000;-85.8100;-21.0500;-64.7600
1573.2000;-85.1700;-21.0400;-64.1300
1573.3000;-85.4600;-21.0300;-64.4300
1573.4000;-85.4800;-21.0200;-64.4600
1573.5000;-85.1700;-21.0200;-64.1500
1573.6000;-84.8200;-21.0100;-63.8100
1573.7000;-84.7800;-21.0000;-63.7800
1573.8000;-85.1700;-20.9900;-64.1800
1573.9000;-85.5400;-20.9800;-64.5600
1574.0000;-85.8500;-20.9700;-64.8800
1574.1000;-86.8300;-20.9600;-65.8700
1574.2000;-88.0500;-20.9500;-67.1000
1574.3000;-87.1200;-20.9500;-66.1700
1574.4000;-85.9100;-20.9400;-64.9700
1574.5000;-85.8100;-20.9300;-64.8800
1574.6000;-86.2600;-20.9300;-65.3300
1574.7000;-86.5600;-20.9200;-65.6400
1574.8000;-86.7200;-20.9100;-65.8100
1574.9000;-86.8600;-20.9000;-65.9600
1575.0000;-86.3300;-20.9000;-65.4300
1575.1000;-85.2200;-20.8900;-64.3300
1575.2000;-84.3500;-20.8800;-63.4700
1575.3000;-84.0800;-20.8700;-63.2100
1575.4000;-84.4200;-20.8700;-63.5500
1575.5000;-84.6600;-20.8600;-63.8000
1575.6000;-84.5700;-20.8500;-63.7200
1575.7000;-84.5800;-20.8400;-63.7400
1575.8000;-84.3100;-20.8300;-63.4800
1575.9000;-84.1200;-20.8300;-63.2900
1576.0000;-83.9100;-20.8200;-63.0900
1576.1000;-83.5700;-20.8100;-62.7600
1576.2000;-83.4600;-20.8100;-62.6500
1576.3000;-83.7100;-20.8000;-62.9100
1576.4000;-84.1600;-20.8000;-63.3600
1576.5000;-84.8800;-20.7900;-64.0900
1576.6000;-85.4400;-20.7800;-64.6600
1576.7000;-85.8100;-20.7800;-65.0300
1576.8000;-86.3800;-20.7700;-65.6100
1576.9000;-85.9900;-20.7600;-65.2300
1577.0000;-85.8900;-20.7600;-65.1300
1577.1000;-86.4500;-20.7500;-65.7000
1577.2000;-86.2000;-20.7500;-65.4500
1577.3000;-85.2700;-20.7400;-64.5300
1577.4000;-83.8900;-20.7300;-63.1600
1577.5000;-82.8800;-20.7300;-62.1500
1577.6000;-82.9900;-20.7200;-62.2700
1577.7000;-83.1600;-20.7100;-62.4500
1577.8000;-82.8400;-20.7100;-62.1300
1577.9000;-83.0100;-20.7000;-62.3100
1578.0000;-83.3700;-20.7000;-62.6700
1578.1000;-83.5300;-20.6900;-62.8400
1578.2000;-84.2600;-20.6800;-63.5800
1578.3000;-85.8100;-20.6800;-65.1300
1578.4000;-88.1000;-20.6700;-67.4300
1578.5000;-90.7200;-20.6700;-70.0500
1578.6000;-90.0600;-20.6600;-69.4000
1578.7000;-89.0100;-20.6600;-68.3500
1578.8000;-90.8400;-20.6500;-70.1900
1578.9000;-91.9900;-20.6500;-71.3400
1579.0000;-90.4100;-20.6500;-69.7600
1579.1000;-90.1200;-20.6400;-69.4800
1579.2000;-90.3000;-20.6400;-69.6600
1579.3000;-89.0300;-20.6300;-68.4000
1579.4000;-88.0200;-20.6200;-67.4000
1579.5000;-87.5600;-20.6100;-66.9500
1579.6000;-87.4800;-20.6000;-66.8800
1579.7000;-87.6700;-20.5900;-67.0800
1579.8000;-86.5700;-20.5800;-65.9900
1579.9000;-85.6500;-20.5700;-65.0800
1580.0000;-85.5100;-20.5600;-64.9500
1580.1000;-85.5800;-20.5400;-65.0400
1580.2000;-85.5700;-20.5300;-65.0400
1580.3000;-85.7100;-20.5200;-65.1900
1580.4000;-86.3100;-20.5100;-65.8000
1580.5000;-86.9200;-20.4900;-66.4300
1580.6000;-87.1500;-20.4800;-66.6700
1580.7000;-86.5100;-20.4700;-66.0400
1580.8000;-85.6100;-20.4500;-65.1600
1580.9000;-85.4100;-20.4400;-64.9700
1581.0000;-85.4300;-20.4300;-65.0000
1581.1000;-85.5800;-20.4200;-65.1600
1581.2000;-84.8700;-20.4000;-64.4700
1581.3000;-83.9600;-20.3900;-63.5700
1581.4000;-83.4400;-20.3800;-63.0600
1581.5000;-82.8000;-20.3600;-62.4400
1581.6000;-82.1100;-20.3500;-61.7600
1581.7000;-82.0400;-20.3400;-61.7000
1581.8000;-82.5600;-20.3200;-62.2400
1581.9000;-82.9400;-20.3100;-62.6300
1582.0000;-83.1800;-20.3000;-62.8800
1582.1000;-83.2700;-20.2900;-62.9800
1582.2000;-83.8200;-20.2700;-63.5500
1582.3000;-84.3500;-20.2600;-64.0900
1582.4000;-84.2200;-20.2500;-63.9700
1582.5000;-84.8700;-20.2400;-64.6300
1582.6000;-86.3900;-20.2300;-66.1600
1582.7000;-87.1800;-20.2200;-66.9600
1582.8000;-87.1400;-20.2100;-66.9300
1582.9000;-87.8600;-20.2000;-67.6600
1583.0000;-88.7300;-20.1900;-68.5400
1583.1000;-88.5100;-20.1900;-68.3200
1583.2000;-87.6300;-20.1800;-67.4500
1583.3000;-87.1400;-20.1700;-66.9700
1583.4000;-86.8100;-20.1700;-66.6400
1583.5000;-85.5600;-20.1600;-65.4000
1583.6000;-84.5000;-20.1600;-64.3400
1583.7000;-84.0400;-20.1500;-63.8900
1583.8000;-83.8500;-20.1500;-63.7000
1583.9000;-83.3500;-20.1400;-63.2100
1584.0000;-82.8100;-20.1400;-62.6700
1584.1000;-82.7000;-20.1300;-62.5700
1584.2000;-82.6300;-20.1300;-62.5000
1584.3000;-82.4300;-20.1300;-62.3000
1584.4000;-82.5100;-20.1300;-62.3800
1584.5000;-82.7900;-20.1200;-62.6700
1584.6000;-82.8200;-20.1200;-62.7000
1584.7000;-82.9400;-20.1200;-62.8200
1584.8000;-83.1200;-20.1200;-63.0000
1584.9000;-83.2200;-20.1200;-63.1000
1585.0000;-83.4000;-20.1200;-63.2800
1585.1000;-83.2800;-20.1200;-63.1600
1585.2000;-83.1900;-20.1200;-63.0700
1585.3000;-83.5800;-20.1200;-63.4600
1585.4000;-84.0200;-20.1200;-63.9000
1585.5000;-84.2400;-20.1200;-64.1200
1585.6000;-84.6300;-20.1200;-64.5100
1585.7000;-84.9500;-20.1200;-64.8300
1585.8000;-84.5300;-20.1200;-64.4100
1585.9000;-83.8500;-20.1200;-63.7300
1586.0000;-83.1300;-20.1200;-63.0100
1586.1000;-82.7800;-20.1200;-62.6600
1586.2000;-82.7900;-20.1100;-62.6800
1586.3000;-82.7500;-20.1100;-62.6400
1586.4000;-82.5700;-20.1100;-62.4600
1586.5000;-82.6900;-20.1000;-62.5900
1586.6000;-82.9900;-20.1000;-62.8900
1586.7000;-82.8600;-20.1000;-62.7600
1586.8000;-82.7600;-20.0900;-62.6700
1586.9000;-82.8500;-20.0900;-62.7600
1587.0000;-83.2200;-20.0900;-63.1300
1587.1000;-83.5800;-20.0900;-63.4900
1587.2000;-83.5700;-20.0900;-63.4800
1587.3000;-83.4700;-20.0800;-63.3900
1587.4000;-83.4800;-20.0800;-63.4000
1587.5000;-83.3100;-20.0900;-63.2200
1587.6000;-82.8800;-20.0900;-62.7900
1587.7000;-82.6000;-20.0900;-62.5100
1587.8000;-82.6500;-20.0900;-62.5600
1587.9000;-83.0800;-20.0900;-62.9900
1588.0000;-83.3200;-20.0900;-63.2300
1588.1000;-83.1400;-20.0900;-63.0500
1588.2000;-82.9800;-20.1000;-62.8800
1588.3000;-82.7600;-20.1000;-62.6600
1588.4000;-82.3700;-20.1000;-62.2700
1588.5000;-82.2300;-20.1000;-62.1300
1588.6000;-82.2400;-20.1100;-62.1300
1588.7000;-82.3100;-20.1100;-62.2000
1588.8000;-82.2000;-20.1200;-62.0800
1588.9000;-81.8500;-20.1200;-61.7300
1589.0000;-81.7300;-20.1300;-61.6000
1589.1000;-81.8800;-20.1400;-61.7400
1589.2000;-81.8200;-20.1400;-61.6800
1589.3000;-81.6200;-20.1500;-61.4700
1589.4000;-81.6400;-20.1500;-61.4900
1589.5000;-81.6200;-20.1600;-61.4600
1589.6000;-81.4400;-20.1600;-61.2800
1589.7000;-81.2800;-20.1700;-61.1100
1589.8000;-81.3000;-20.1700;-61.1300
1589.9000;-81.4000;-20.1800;-61.2200
1590.0000;-81.3100;-20.1800;-61.1300
1590.1000;-81.0700;-20.1900;-60.8800
1590.2000;-81.0500;-20.1900;-60.8600
1590.3000;-81.3200;-20.1900;-61.1300
1590.4000;-81.3100;-20.2000;-61.1100
1590.5000;-81.0200;-20.2000;-60.8200
1590.6000;-80.8400;-20.2000;-60.6400
1590.7000;-80.6700;-20.2100;-60.4600
1590.8000;-80.5500;-20.2100;-60.3400
1590.9000;-80.4300;-20.2100;-60.2200
1591.0000;-80.1800;-20.2200;-59.9600
1591.1000;-80.0000;-20.2200;-59.7800
1591.2000;-79.7900;-20.2200;-59.5700
1591.3000;-79.4600;-20.2200;-59.2400
1591.4000;-79.3400;-20.2300;-59.1100
1591.5000;-79.3500;-20.2300;-59.1200
1591.6000;-79.3000;-20.2300;-59.0700
1591.7000;-79.2200;-20.2400;-58.9800
1591.8000;-79.0800;-20.2400;-58.8400
1591.9000;-78.9800;-20.2500;-58.7300
1592.0000;-78.9400;-20.2500;-58.6900
1592.1000;-78.8700;-20.2600;-58.6100
1592.2000;-78.7800;-20.2600;-58.5200
1592.3000;-78.7100;-20.2600;-58.4500
1592.4000;-78.5300;-20.2700;-58.2600
1592.5000;-78.3100;-20.2700;-58.0400
1592.6000;-78.1000;-20.2700;-57.8300
1592.7000;-77.9200;-20.2800;-57.6400
1592.8000;-77.7100;-20.2800;-57.4300
1592.9000;-77.5500;-20.2800;-57.2700
1593.0000;-77.5300;-20.2900;-57.2400
1593.1000;-77.4500;-20.2900;-57.1600
1593.2000;-77.3900;-20.2900;-57.1000
1593.3000;-77.2900;-20.3000;-56.9900
1593.4000;-77.1600;-20.3000;-56.8600
1593.5000;-77.0200;-20.3000;-56.7200
1593.6000;-76.8600;-20.3100;-56.5500
1593.7000;-76.7700;-20.3100;-56.4600
1593.8000;-76.7000;-20.3200;-56.3800
1593.9000;-76.5300;-20.3200;-56.2100
1594.0000;-76.3000;-20.3300;-55.9700
1594.1000;-76.1600;-20.3300;-55.8300
1594.2000;-76.0100;-20.3400;-55.6700
1594.3000;-75.8500;-20.3500;-55.5000
1594.4000;-75.7100;-20.3500;-55.3600
1594.5000;-75.5400;-20.3600;-55.1800
1594.6000;-75.3800;-20.3700;-55.0100
1594.7000;-75.2300;-20.3800;-54.8500
1594.8000;-75.0900;-20.3800;-54.7100
1594.9000;-74.9400;-20.3900;-54.5500
1595.0000;-74.7800;-20.4000;-54.3800
1595.1000;-74.6400;-20.4000;-54.2400
1595.2000;-74.4800;-20.4100;-54.0700
1595.3000;-74.3300;-20.4200;-53.9100
1595.4000;-74.1900;-20.4200;-53.7700
1595.5000;-74.0600;-20.4300;-53.6300
1595.6000;-73.9400;-20.4300;-53.5100
1595.7000;-73.8100;-20.4400;-53.3700
1595.8000;-73.6600;-20.4400;-53.2200
1595.9000;-73.5200;-20.4500;-53.0700
1596.0000;-73.3700;-20.4500;-52.9200
1596.1000;-73.2300;-20.4600;-52.7700
1596.2000;-73.0900;-20.4600;-52.6300
1596.3000;-72.9500;-20.4600;-52.4900
1596.4000;-72.8500;-20.4600;-52.3900
1596.5000;-72.7600;-20.4600;-52.3000
1596.6000;-72.6500;-20.4600;-52.1900
1596.7000;-72.4800;-20.4600;-52.0200
1596.8000;-72.3400;-20.4500;-51.8900
1596.9000;-72.2900;-20.4500;-51.8400
1597.0000;-72.2500;-20.4500;-51.8000
1597.1000;-72.1600;-20.4400;-51.7200
1597.2000;-72.1000;-20.4400;-51.6600
1597.3000;-72.0200;-20.4400;-51.5800
1597.4000;-71.8900;-20.4400;-51.4500
1597.5000;-71.7700;-20.4400;-51.3300
1597.6000;-71.6700;-20.4400;-51.2300
1597.7000;-71.5900;-20.4400;-51.1500
1597.8000;-71.4700;-20.4400;-51.0300
1597.9000;-71.3000;-20.4500;-50.8500
1598.0000;-71.1500;-20.4500;-50.7000
1598.1000;-70.9700;-20.4600;-50.5100
1598.2000;-70.7900;-20.4700;-50.3200
1598.3000;-70.6300;-20.4700;-50.1600
1598.4000;-70.4600;-20.4800;-49.9800
1598.5000;-70.3100;-20.4900;-49.8200
1598.6000;-70.1500;-20.5000;-49.6500
1598.7000;-69.9700;-20.5100;-49.4600
1598.8000;-69.8000;-20.5200;-49.2800
1598.9000;-69.6400;-20.5300;-49.1100
1599.0000;-69.4700;-20.5500;-48.9200
1599.1000;-69.3000;-20.5600;-48.7400
1599.2000;-69.1100;-20.5700;-48.5400
1599.3000;-68.9100;-20.5800;-48.3300
1599.4000;-68.7000;-20.6000;-48.1000
1599.5000;-68.4800;-20.6100;-47.8700
1599.6000;-68.2700;-20.6200;-47.6500
1599.7000;-68.0700;-20.6300;-47.4400
1599.8000;-67.8600;-20.6400;-47.2200
1599.9000;-67.6300;-20.6500;-46.9800
1600.0000;-67.3900;-20.6600;-46.7300
1600.1000;-67.1500;-20.6700;-46.4800
1600.2000;-66.9300;-20.6800;-46.2500
1600.3000;-66.7200;-20.6800;-46.0400
1600.4000;-66.5000;-20.6900;-45.8100
1600.5000;-66.2900;-20.7000;-45.5900
1600.6000;-66.0800;-20.7100;-45.3700
1600.7000;-65.8500;-20.7100;-45.1400
1600.8000;-65.6300;-20.7200;-44.9100
1600.9000;-65.4000;-20.7200;-44.6800
1601.0000;-65.1800;-20.7300;-44.4500
1601.1000;-64.9700;-20.7300;-44.2400
1601.2000;-64.7700;-20.7300;-44.0400
1601.3000;-64.5700;-20.7400;-43.8300
1601.4000;-64.3700;-20.7500;-43.6200
1601.5000;-64.1800;-20.7500;-43.4300
1601.6000;-63.9900;-20.7600;-43.2300
1601.7000;-63.8100;-20.7700;-43.0400
1601.8000;-63.6400;-20.7700;-42.8700
1601.9000;-63.4800;-20.7800;-42.7000
1602.0000;-63.3200;-20.7900;-42.5300
1602.1000;-63.1700;-20.8000;-42.3700
1602.2000;-63.0100;-20.8100;-42.2000
1602.3000;-62.8700;-20.8200;-42.0500
1602.4000;-62.7300;-20.8300;-41.9000
1602.5000;-62.6000;-20.8400;-41.7600
1602.6000;-62.4700;-20.8500;-41.6200
1602.7000;-62.3600;-20.8600;-41.5000
1602.8000;-62.2500;-20.8700;-41.3800
1602.9000;-62.1500;-20.8800;-41.2700
1603.0000;-62.0600;-20.8900;-41.1700
1603.1000;-61.9800;-20.9100;-41.0700
1603.2000;-61.9100;-20.9200;-40.9900
1603.3000;-61.8600;-20.9300;-40.9300
1603.4000;-61.8000;-20.9500;-40.8500
1603.5000;-61.7600;-20.9600;-40.8000
1603.6000;-61.7200;-20.9700;-40.7500
1603.7000;-61.6900;-20.9800;-40.7100
1603.8000;-61.6700;-21.0000;-40.6700
1603.9000;-61.6600;-21.0100;-40.6500
1604.0000;-61.6500;-21.0200;-40.6300
1604.1000;-61.6600;-21.0300;-40.6300
1604.2000;-61.6700;-21.0400;-40.6300
1604.3000;-61.6900;-21.0400;-40.6500
1604.4000;-61.7200;-21.0500;-40.6700
1604.5000;-61.7600;-21.0600;-40.7000
1604.6000;-61.8100;-21.0700;-40.7400
1604.7000;-61.8700;-21.0800;-40.7900
1604.8000;-61.9400;-21.0900;-40.8500
1604.9000;-62.0200;-21.0900;-40.9300
1605.0000;-62.1000;-21.1000;-41.0000
1605.1000;-62.1900;-21.1100;-41.0800
1605.2000;-62.2900;-21.1200;-41.1700
1605.3000;-62.4000;-21.1300;-41.2700
1605.4000;-62.5100;-21.1300;-41.3800
1605.5000;-62.6300;-21.1400;-41.4900
1605.6000;-62.7600;-21.1500;-41.6100
1605.7000;-62.8800;-21.1700;-41.7100
1605.8000;-63.0100;-21.1800;-41.8300
1605.9000;-63.1400;-21.2000;-41.9400
1606.0000;-63.2700;-21.2100;-42.0600
1606.1000;-63.3800;-21.2300;-42.1500
1606.2000;-63.4800;-21.2400;-42.2400
1606.3000;-63.5800;-21.2600;-42.3200
1606.4000;-63.6500;-21.2800;-42.3700
1606.5000;-63.7100;-21.3000;-42.4100
1606.6000;-63.7400;-21.3100;-42.4300
1606.7000;-63.7500;-21.3300;-42.4200
1606.8000;-63.7200;-21.3500;-42.3700
1606.9000;-63.6500;-21.3700;-42.2800
1607.0000;-63.5400;-21.3800;-42.1600
1607.1000;-63.4100;-21.4000;-42.0100
1607.2000;-63.2400;-21.4200;-41.8200
1607.3000;-63.0400;-21.4400;-41.6000
1607.4000;-62.8000;-21.4600;-41.3400
1607.5000;-62.5400;-21.4800;-41.0600
1607.6000;-62.2400;-21.5000;-40.7400
1607.7000;-61.9300;-21.5200;-40.4100
1607.8000;-61.6000;-21.5400;-40.0600
1607.9000;-61.2600;-21.5500;-39.7100
1608.0000;-60.9200;-21.5700;-39.3500
1608.1000;-60.5700;-21.5900;-38.9800
1608.2000;-60.2100;-21.6000;-38.6100
1608.3000;-59.8500;-21.6200;-38.2300
1608.4000;-59.5000;-21.6400;-37.8600
1608.5000;-59.1600;-21.6500;-37.5100
1608.6000;-58.8200;-21.6700;-37.1500
1608.7000;-58.4800;-21.6800;-36.8000
1608.8000;-58.1500;-21.7000;-36.4500
1608.9000;-57.8300;-21.7200;-36.1100
1609.0000;-57.5200;-21.7400;-35.7800
1609.1000;-57.2200;-21.7500;-35.4700
1609.2000;-56.9300;-21.7700;-35.1600
1609.3000;-56.6400;-21.7900;-34.8500
1609.4000;-56.3700;-21.8200;-34.5500
1609.5000;-56.1100;-21.8400;-34.2700
1609.6000;-55.8600;-21.8600;-34.0000
1609.7000;-55.6200;-21.8800;-33.7400
1609.8000;-55.3900;-21.9100;-33.4800
1609.9000;-55.1700;-21.9300;-33.2400
1610.0000;-54.9600;-21.9600;-33.0000
1610.1000;-54.7600;-21.9900;-32.7700
1610.2000;-54.5700;-22.0200;-32.5500
1610.3000;-54.3900;-22.0500;-32.3400
1610.4000;-54.2200;-22.0800;-32.1400
1610.5000;-54.0600;-22.1100;-31.9500
1610.6000;-53.9100;-22.1400;-31.7700
1610.7000;-53.7600;-22.1700;-31.5900
1610.8000;-53.6300;-22.2000;-31.4300
1610.9000;-53.5100;-22.2300;-31.2800
1611.0000;-53.3900;-22.2600;-31.1300
1611.1000;-53.2800;-22.2900;-30.9900
1611.2000;-53.1900;-22.3200;-30.8700
1611.3000;-53.1000;-22.3400;-30.7600
1611.4000;-53.0200;-22.3700;-30.6500
1611.5000;-52.9600;-22.4000;-30.5600
1611.6000;-52.9000;-22.4300;-30.4700
1611.7000;-52.8500;-22.4500;-30.4000
1611.8000;-52.8000;-22.4800;-30.3200
1611.9000;-52.7700;-22.5000;-30.2700
1612.0000;-52.7500;-22.5300;-30.2200
1612.1000;-52.7400;-22.5500;-30.1900
1612.2000;-52.7400;-22.5700;-30.1700
1612.3000;-52.7500;-22.6000;-30.1500
1612.4000;-52.7700;-22.6200;-30.1500
1612.5000;-52.8000;-22.6400;-30.1600
1612.6000;-52.8400;-22.6600;-30.1800
1612.7000;-52.8900;-22.6900;-30.2000
1612.8000;-52.9600;-22.7100;-30.2500
1612.9000;-53.0300;-22.7300;-30.3000
1613.0000;-53.1200;-22.7600;-30.3600
1613.1000;-53.2200;-22.7800;-30.4400
1613.2000;-53.3400;-22.8100;-30.5300
1613.3000;-53.4700;-22.8300;-30.6400
1613.4000;-53.6100;-22.8600;-30.7500
1613.5000;-53.7700;-22.8800;-30.8900
1613.6000;-53.9300;-22.9100;-31.0200
1613.7000;-54.1200;-22.9300;-31.1900
1613.8000;-54.3200;-22.9600;-31.3600
1613.9000;-54.5300;-22.9900;-31.5400
1614.0000;-54.7600;-23.0100;-31.7500
1614.1000;-55.0000;-23.0400;-31.9600
1614.2000;-55.2600;-23.0700;-32.1900
1614.3000;-55.5300;-23.1000;-32.4300
1614.4000;-55.8100;-23.1300;-32.6800
1614.5000;-56.1100;-23.1600;-32.9500
1614.6000;-56.4200;-23.1800;-33.2400
1614.7000;-56.7400;-23.2100;-33.5300
1614.8000;-57.0500;-23.2400;-33.8100
1614.9000;-57.3700;-23.2600;-34.1100
1615.0000;-57.6900;-23.2900;-34.4000
1615.1000;-58.0000;-23.3200;-34.6800
1615.2000;-58.2800;-23.3400;-34.9400
1615.3000;-58.5400;-23.3700;-35.1700
1615.4000;-58.7600;-23.3900;-35.3700
1615.5000;-58.9300;-23.4100;-35.5200
1615.6000;-59.0500;-23.4400;-35.6100
1615.7000;-59.1000;-23.4600;-35.6400
1615.8000;-59.0700;-23.4900;-35.5800
1615.9000;-58.9800;-23.5100;-35.4700
1616.0000;-58.8100;-23.5400;-35.2700
1616.1000;-58.5800;-23.5600;-35.0200
1616.2000;-58.2900;-23.5800;-34.7100
1616.3000;-57.9600;-23.6100;-34.3500
1616.4000;-57.6000;-23.6300;-33.9700
1616.5000;-57.2200;-23.6500;-33.5700
1616.6000;-56.8100;-23.6800;-33.1300
1616.7000;-56.4000;-23.7000;-32.7000
1616.8000;-55.9900;-23.7200;-32.2700
1616.9000;-55.5800;-23.7400;-31.8400
1617.0000;-55.1800;-23.7700;-31.4100
1617.1000;-54.7800;-23.7900;-30.9900
1617.2000;-54.3900;-23.8100;-30.5800
1617.3000;-54.0200;-23.8300;-30.1900
1617.4000;-53.6700;-23.8500;-29.8200
1617.5000;-53.3200;-23.8700;-29.4500
1617.6000;-53.0000;-23.9000;-29.1000
1617.7000;-52.6800;-23.9200;-28.7600
1617.8000;-52.3900;-23.9400;-28.4500
1617.9000;-52.1000;-23.9600;-28.1400
1618.0000;-51.8300;-23.9900;-27.8400
1618.1000;-51.5800;-24.0100;-27.5700
1618.2000;-51.3400;-24.0300;-27.3100
1618.3000;-51.1200;-24.0500;-27.0700
1618.4000;-50.9100;-24.0800;-26.8300
1618.5000;-50.7100;-24.1000;-26.6100
1618.6000;-50.5300;-24.1200;-26.4100
1618.7000;-50.3600;-24.1500;-26.2100
1618.8000;-50.2000;-24.1700;-26.0300
1618.9000;-50.0600;-24.2000;-25.8600
1619.0000;-49.9300;-24.2300;-25.7000
1619.1000;-49.8200;-24.2600;-25.5600
1619.2000;-49.7200;-24.2900;-25.4300
1619.3000;-49.6300;-24.3200;-25.3100
1619.4000;-49.5500;-24.3500;-25.2000
1619.5000;-49.4800;-24.3800;-25.1000
1619.6000;-49.4300;-24.4100;-25.0200
1619.7000;-49.3900;-24.4400;-24.9500
1619.8000;-49.3600;-24.4700;-24.8900
1619.9000;-49.3400;-24.5000;-24.8400
1620.0000;-49.3400;-24.5300;-24.8100
1620.1000;-49.3500;-24.5600;-24.7900
1620.2000;-49.3700;-24.5900;-24.7800
1620.3000;-49.4000;-24.6200;-24.7800
1620.4000;-49.4500;-24.6500;-24.8000
1620.5000;-49.5100;-24.6800;-24.8300
1620.6000;-49.5900;-24.7100;-24.8800
1620.7000;-49.6800;-24.7400;-24.9400
1620.8000;-49.7900;-24.7700;-25.0200
1620.9000;-49.9100;-24.8000;-25.1100
1621.0000;-50.0500;-24.8300;-25.2200
1621.1000;-50.2100;-24.8600;-25.3500
1621.2000;-50.3800;-24.8900;-25.4900
1621.3000;-50.5700;-24.9200;-25.6500
1621.4000;-50.7800;-24.9500;-25.8300
1621.5000;-51.0200;-24.9800;-26.0400
1621.6000;-51.2700;-25.0200;-26.2500
1621.7000;-51.5500;-25.0500;-26.5000
1621.8000;-51.8500;-25.0800;-26.7700
1621.9000;-52.1700;-25.1100;-27.0600
1622.0000;-52.5300;-25.1400;-27.3900
1622.1000;-52.9100;-25.1800;-27.7300
1622.2000;-53.3300;-25.2100;-28.1200
1622.3000;-53.7800;-25.2400;-28.5400
1622.4000;-54.2500;-25.2800;-28.9700
1622.5000;-54.7700;-25.3100;-29.4600
1622.6000;-55.3200;-25.3400;-29.9800
1622.7000;-55.8900;-25.3800;-30.5100
1622.8000;-56.5000;-25.4100;-31.0900
1622.9000;-57.1200;-25.4500;-31.6700
1623.0000;-57.7500;-25.4900;-32.2600
1623.1000;-58.3400;-25.5200;-32.8200
1623.2000;-58.8700;-25.5600;-33.3100
1623.3000;-59.3100;-25.6000;-33.7100
1623.4000;-59.5800;-25.6400;-33.9400
1623.5000;-59.6500;-25.6800;-33.9700
1623.6000;-59.4900;-25.7200;-33.7700
1623.7000;-59.1300;-25.7600;-33.3700
1623.8000;-58.6000;-25.8000;-32.8000
1623.9000;-57.9600;-25.8300;-32.1300
1624.0000;-57.2500;-25.8700;-31.3800
1624.1000;-56.5200;-25.9100;-30.6100
1624.2000;-55.7800;-25.9400;-29.8400
1624.3000;-55.0500;-25.9800;-29.0700
1624.4000;-54.3600;-26.0200;-28.3400
1624.5000;-53.7100;-26.0500;-27.6600
1624.6000;-53.0800;-26.0900;-26.9900
1624.7000;-52.4900;-26.1200;-26.3700
1624.8000;-51.9400;-26.1500;-25.7900
1624.9000;-51.4100;-26.1900;-25.2200
1625.0000;-50.9100;-26.2200;-24.6900
1625.1000;-50.4400;-26.2600;-24.1800
1625.2000;-50.0000;-26.2900;-23.7100
1625.3000;-49.5900;-26.3300;-23.2600
1625.4000;-49.2000;-26.3600;-22.8400
1625.5000;-48.8400;-26.4000;-22.4400
1625.6000;-48.4900;-26.4400;-22.0500
1625.7000;-48.1700;-26.4800;-21.6900
1625.8000;-47.8700;-26.5200;-21.3500
1625.9000;-47.5900;-26.5600;-21.0300
1626.0000;-47.3200;-26.6100;-20.7100
1626.1000;-47.0800;-26.6500;-20.4300
1626.2000;-46.8500;-26.7000;-20.1500
1626.3000;-46.6400;-26.7500;-19.8900
1626.4000;-46.4400;-26.7900;-19.6500
1626.5000;-46.2600;-26.8400;-19.4200
1626.6000;-46.0900;-26.8900;-19.2000
1626.7000;-45.9300;-26.9400;-18.9900
1626.8000;-45.7900;-26.9800;-18.8100
1626.9000;-45.6600;-27.0300;-18.6300
1627.0000;-45.5400;-27.0800;-18.4600
1627.1000;-45.4400;-27.1200;-18.3200
1627.2000;-45.3500;-27.1700;-18.1800
1627.3000;-45.2700;-27.2100;-18.0600
1627.4000;-45.2000;-27.2600;-17.9400
1627.5000;-45.1400;-27.3000;-17.8400
1627.6000;-45.0900;-27.3400;-17.7500
1627.7000;-45.0500;-27.3800;-17.6700
1627.8000;-45.0200;-27.4200;-17.6000
1627.9000;-45.0100;-27.4600;-17.5500
1628.0000;-45.0000;-27.5000;-17.5000
1628.1000;-45.0000;-27.5400;-17.4600
1628.2000;-45.0200;-27.5800;-17.4400
1628.3000;-45.0500;-27.6100;-17.4400
1628.4000;-45.0900;-27.6500;-17.4400
1628.5000;-45.1400;-27.6900;-17.4500
1628.6000;-45.2000;-27.7300;-17.4700
1628.7000;-45.2800;-27.7600;-17.5200
1628.8000;-45.3700;-27.8000;-17.5700
1628.9000;-45.4800;-27.8400;-17.6400
1629.0000;-45.6000;-27.8900;-17.7100
1629.1000;-45.7300;-27.9300;-17.8000
1629.2000;-45.8800;-27.9700;-17.9100
1629.3000;-46.0400;-28.0100;-18.0300
1629.4000;-46.2200;-28.0500;-18.1700
1629.5000;-46.4100;-28.1000;-18.3100
1629.6000;-46.6200;-28.1400;-18.4800
1629.7000;-46.8400;-28.1900;-18.6500
1629.8000;-47.0900;-28.2300;-18.8600
1629.9000;-47.3500;-28.2800;-19.0700
1630.0000;-47.6400;-28.3200;-19.3200
1630.1000;-47.9400;-28.3700;-19.5700
1630.2000;-48.2700;-28.4200;-19.8500
1630.3000;-48.6300;-28.4600;-20.1700
1630.4000;-49.0100;-28.5100;-20.5000
1630.5000;-49.4100;-28.5600;-20.8500
1630.6000;-49.8500;-28.6100;-21.2400
1630.7000;-50.3200;-28.6500;-21.6700
1630.8000;-50.8300;-28.7000;-22.1300
1630.9000;-51.3800;-28.7500;-22.6300
1631.0000;-51.9700;-28.7900;-23.1800
1631.1000;-52.6100;-28.8400;-23.7700
1631.2000;-53.2900;-28.8800;-24.4100
1631.3000;-54.0200;-28.9300;-25.0900
1631.4000;-54.8100;-28.9700;-25.8400
1631.5000;-55.6400;-29.0200;-26.6200
1631.6000;-56.5100;-29.0600;-27.4500
1631.7000;-57.3900;-29.1100;-28.2800
1631.8000;-58.2300;-29.1500;-29.0800
1631.9000;-58.9400;-29.2000;-29.7400
1632.0000;-59.4400;-29.2500;-30.1900
1632.1000;-59.6300;-29.3000;-30.3300
1632.2000;-59.4600;-29.3400;-30.1200
1632.3000;-58.9700;-29.3900;-29.5800
1632.4000;-58.2500;-29.4500;-28.8000
1632.5000;-57.4100;-29.5000;-27.9100
1632.6000;-56.5300;-29.5500;-26.9800
1632.7000;-55.6400;-29.6000;-26.0400
1632.8000;-54.7900;-29.6500;-25.1400
1632.9000;-54.0000;-29.7000;-24.3000
1633.0000;-53.2600;-29.7600;-23.5000
1633.1000;-52.5600;-29.8100;-22.7500
1633.2000;-51.9200;-29.8600;-22.0600
1633.3000;-51.3200;-29.9100;-21.4100
1633.4000;-50.7700;-29.9600;-20.8100
1633.5000;-50.2500;-30.0200;-20.2300
1633.6000;-49.7600;-30.0700;-19.6900
1633.7000;-49.3100;-30.1200;-19.1900
1633.8000;-48.8900;-30.1700;-18.7200
1633.9000;-48.4900;-30.2200;-18.2700
1634.0000;-48.1200;-30.2700;-17.8500
1634.1000;-47.7800;-30.3200;-17.4600
1634.2000;-47.4500;-30.3700;-17.0800
1634.3000;-47.1500;-30.4200;-16.7300
1634.4000;-46.8600;-30.4700;-16.3900
1634.5000;-46.6000;-30.5100;-16.0900
1634.6000;-46.3500;-30.5600;-15.7900
1634.7000;-46.1100;-30.6100;-15.5000
1634.8000;-45.9000;-30.6500;-15.2500
1634.9000;-45.7000;-30.7000;-15.0000
1635.0000;-45.5100;-30.7400;-14.7700
1635.1000;-45.3400;-30.7900;-14.5500
1635.2000;-45.1800;-30.8300;-14.3500
1635.3000;-45.0300;-30.8800;-14.1500
1635.4000;-44.9000;-30.9200;-13.9800
1635.5000;-44.7900;-30.9700;-13.8200
1635.6000;-44.6800;-31.0200;-13.6600
1635.7000;-44.5900;-31.0700;-13.5200
1635.8000;-44.5100;-31.1200;-13.3900
1635.9000;-44.4400;-31.1700;-13.2700
1636.0000;-44.3900;-31.2200;-13.1700
1636.1000;-44.3400;-31.2700;-13.0700
1636.2000;-44.3100;-31.3200;-12.9900
1636.3000;-44.2900;-31.3800;-12.9100
1636.4000;-44.2800;-31.4300;-12.8500
1636.5000;-44.2800;-31.4800;-12.8000
1636.6000;-44.2900;-31.5400;-12.7500
1636.7000;-44.3100;-31.5900;-12.7200
1636.8000;-44.3400;-31.6400;-12.7000
1636.9000;-44.3900;-31.6900;-12.7000
1637.0000;-44.4400;-31.7400;-12.7000
1637.1000;-44.5100;-31.8000;-12.7100
1637.2000;-44.5800;-31.8500;-12.7300
1637.3000;-44.6700;-31.9000;-12.7700
1637.4000;-44.7600;-31.9500;-12.8100
1637.5000;-44.8700;-32.0000;-12.8700
1637.6000;-44.9800;-32.0500;-12.9300
1637.7000;-45.1100;-32.0900;-13.0200
1637.8000;-45.2400;-32.1400;-13.1000
1637.9000;-45.3900;-32.1800;-13.2100
1638.0000;-45.5500;-32.2200;-13.3300
1638.1000;-45.7200;-32.2600;-13.4600
1638.2000;-45.9000;-32.3100;-13.5900
1638.3000;-46.0900;-32.3500;-13.7400
1638.4000;-46.3000;-32.3900;-13.9100
1638.5000;-46.5300;-32.4400;-14.0900
1638.6000;-46.7700;-32.4800;-14.2900
1638.7000;-47.0200;-32.5300;-14.4900
1638.8000;-47.2900;-32.5800;-14.7100
1638.9000;-47.5700;-32.6300;-14.9400
1639.0000;-47.8800;-32.6800;-15.2000
1639.1000;-48.1900;-32.7400;-15.4500
1639.2000;-48.5200;-32.7900;-15.7300
1639.3000;-48.8700;-32.8400;-16.0300
1639.4000;-49.2300;-32.8900;-16.3400
1639.5000;-49.6100;-32.9500;-16.6600
1639.6000;-49.9900;-33.0000;-16.9900
1639.7000;-50.3900;-33.0500;-17.3400
1639.8000;-50.7900;-33.1100;-17.6800
1639.9000;-51.2000;-33.1600;-18.0400
1640.0000;-51.6100;-33.2100;-18.4000
1640.1000;-52.0100;-33.2700;-18.7400
1640.2000;-52.4100;-33.3200;-19.0900
1640.3000;-52.7800;-33.3700;-19.4100
1640.4000;-53.1200;-33.4200;-19.7000
1640.5000;-53.4100;-33.4700;-19.9400
1640.6000;-53.6600;-33.5200;-20.1400
1640.7000;-53.8300;-33.5700;-20.2600
1640.8000;-53.9400;-33.6200;-20.3200
1640.9000;-53.9600;-33.6700;-20.2900
1641.0000;-53.9100;-33.7200;-20.1900
1641.1000;-53.7700;-33.7700;-20.0000
1641.2000;-53.5800;-33.8100;-19.7700
1641.3000;-53.3200;-33.8600;-19.4600
1641.4000;-53.0200;-33.9100;-19.1100
1641.5000;-52.6900;-33.9600;-18.7300
1641.6000;-52.3400;-34.0100;-18.3300
1641.7000;-51.9800;-34.0600;-17.9200
1641.8000;-51.6100;-34.1100;-17.5000
1641.9000;-51.2500;-34.1600;-17.0900
1642.0000;-50.8900;-34.2100;-16.6800
1642.1000;-50.5400;-34.2700;-16.2700
1642.2000;-50.2000;-34.3200;-15.8800
1642.3000;-49.8800;-34.3700;-15.5100
1642.4000;-49.5700;-34.4200;-15.1500
1642.5000;-49.2700;-34.4700;-14.8000
1642.6000;-48.9900;-34.5200;-14.4700
1642.7000;-48.7300;-34.5700;-14.1600
1642.8000;-48.4800;-34.6200;-13.8600
1642.9000;-48.2500;-34.6700;-13.5800
1643.0000;-48.0300;-34.7300;-13.3000
1643.1000;-47.8300;-34.7800;-13.0500
1643.2000;-47.6400;-34.8300;-12.8100
1643.3000;-47.4600;-34.8800;-12.5800
1643.4000;-47.3000;-34.9400;-12.3600
1643.5000;-47.1600;-34.9900;-12.1700
1643.6000;-47.0200;-35.0400;-11.9800
1643.7000;-46.9000;-35.0900;-11.8100
1643.8000;-46.7900;-35.1400;-11.6500
1643.9000;-46.7000;-35.2000;-11.5000
1644.0000;-46.6200;-35.2500;-11.3700
1644.1000;-46.5500;-35.3000;-11.2500
1644.2000;-46.4900;-35.3500;-11.1400
1644.3000;-46.4400;-35.4000;-11.0400
1644.4000;-46.4000;-35.4500;-10.9500
1644.5000;-46.3700;-35.5100;-10.8600
1644.6000;-46.3600;-35.5500;-10.8100
1644.7000;-46.3500;-35.6000;-10.7500
1644.8000;-46.3600;-35.6500;-10.7100
1644.9000;-46.3800;-35.7000;-10.6800
1645.0000;-46.4000;-35.7400;-10.6600
1645.1000;-46.4400;-35.7900;-10.6500
1645.2000;-46.4900;-35.8300;-10.6600
1645.3000;-46.5500;-35.8800;-10.6700
1645.4000;-46.6200;-35.9200;-10.7000
1645.5000;-46.7100;-35.9700;-10.7400
1645.6000;-46.8100;-36.0100;-10.8000
1645.7000;-46.9200;-36.0600;-10.8600
1645.8000;-47.0400;-36.1100;-10.9300
1645.9000;-47.1800;-36.1600;-11.0200
1646.0000;-47.3300;-36.2100;-11.1200
1646.1000;-47.4900;-36.2500;-11.2400
1646.2000;-47.6700;-36.3000;-11.3700
1646.3000;-47.8600;-36.3500;-11.5100
1646.4000;-48.0700;-36.4000;-11.6700
1646.5000;-48.2900;-36.4500;-11.8400
1646.6000;-48.5300;-36.4900;-12.0400
1646.7000;-48.7800;-36.5400;-12.2400
1646.8000;-49.0500;-36.5900;-12.4600
1646.9000;-49.3400;-36.6300;-12.7100
1647.0000;-49.6400;-36.6800;-12.9600
1647.1000;-49.9600;-36.7200;-13.2400
1647.2000;-50.3100;-36.7700;-13.5400
1647.3000;-50.6800;-36.8100;-13.8700
1647.4000;-51.0700;-36.8600;-14.2100
1647.5000;-51.4800;-36.9100;-14.5700
1647.6000;-51.9300;-36.9600;-14.9700
1647.7000;-52.3900;-37.0200;-15.3700
1647.8000;-52.8900;-37.0700;-15.8200
1647.9000;-53.4000;-37.1200;-16.2800
1648.0000;-53.9500;-37.1800;-16.7700
1648.1000;-54.5200;-37.2400;-17.2800
1648.2000;-55.1000;-37.3000;-17.8000
1648.3000;-55.6900;-37.3500;-18.3400
1648.4000;-56.2700;-37.4000;-18.8700
1648.5000;-56.8200;-37.4600;-19.3600
1648.6000;-57.3300;-37.5000;-19.8300
1648.7000;-57.7600;-37.5500;-20.2100
1648.8000;-58.0800;-37.6000;-20.4800
1648.9000;-58.2600;-37.6400;-20.6200
1649.0000;-58.2900;-37.6800;-20.6100
1649.1000;-58.1600;-37.7200;-20.4400
1649.2000;-57.8800;-37.7600;-20.1200
1649.3000;-57.5000;-37.8000;-19.7000
1649.4000;-57.0300;-37.8500;-19.1800
1649.5000;-56.5200;-37.9000;-18.6200
1649.6000;-55.9900;-37.9500;-18.0400
1649.7000;-55.4400;-38.0000;-17.4400
1649.8000;-54.9100;-38.0500;-16.8600
1649.9000;-54.3900;-38.1100;-16.2800
1650.0000;-53.8900;-38.1700;-15.7200
1650.1000;-53.4100;-38.2400;-15.1700
1650.2000;-52.9500;-38.3000;-14.6500
1650.3000;-52.5200;-38.3700;-14.1500
1650.4000;-52.1100;-38.4300;-13.6800
1650.5000;-51.7200;-38.4900;-13.2300
1650.6000;-51.3600;-38.5500;-12.8100
1650.7000;-51.0200;-38.6100;-12.4100
1650.8000;-50.6900;-38.6700;-12.0200
1650.9000;-50.3900;-38.7200;-11.6700
1651.0000;-50.1100;-38.7800;-11.3300
1651.1000;-49.8400;-38.8300;-11.0100
1651.2000;-49.5900;-38.8800;-10.7100
1651.3000;-49.3600;-38.9300;-10.4300
1651.4000;-49.1400;-38.9800;-10.1600
1651.5000;-48.9400;-39.0300;-9.9100
1651.6000;-48.7600;-39.0800;-9.6800
1651.7000;-48.5900;-39.1300;-9.4600
1651.8000;-48.4300;-39.1700;-9.2600
1651.9000;-48.2900;-39.2200;-9.0700
1652.0000;-48.1600;-39.2700;-8.8900
1652.1000;-48.0400;-39.3100;-8.7300
1652.2000;-47.9400;-39.3600;-8.5800
1652.3000;-47.8600;-39.4100;-8.4500
1652.4000;-47.7800;-39.4600;-8.3200
1652.5000;-47.7200;-39.5100;-8.2100
1652.6000;-47.6800;-39.5700;-8.1100
1652.7000;-47.6400;-39.6200;-8.0200
1652.8000;-47.6200;-39.6800;-7.9400
1652.9000;-47.6200;-39.7400;-7.8800
1653.0000;-47.6200;-39.8000;-7.8200
1653.1000;-47.6400;-39.8600;-7.7800
1653.2000;-47.6700;-39.9200;-7.7500
1653.3000;-47.7100;-39.9900;-7.7200
1653.4000;-47.7500;-40.0400;-7.7100
1653.5000;-47.8100;-40.1000;-7.7100
1653.6000;-47.8800;-40.1600;-7.7200
1653.7000;-47.9500;-40.2100;-7.7400
1653.8000;-48.0300;-40.2600;-7.7700
1653.9000;-48.1200;-40.3100;-7.8100
1654.0000;-48.2200;-40.3600;-7.8600
1654.1000;-48.3300;-40.4000;-7.9300
1654.2000;-48.4500;-40.4400;-8.0100
1654.3000;-48.5800;-40.4900;-8.0900
1654.4000;-48.7200;-40.5300;-8.1900
1654.5000;-48.8800;-40.5800;-8.3000
1654.6000;-49.0500;-40.6300;-8.4200
1654.7000;-49.2400;-40.6800;-8.5600
1654.8000;-49.4300;-40.7300;-8.7000
1654.9000;-49.6400;-40.7900;-8.8500
1655.0000;-49.8700;-40.8400;-9.0300
1655.1000;-50.1100;-40.9000;-9.2100
1655.2000;-50.3700;-40.9600;-9.4100
1655.3000;-50.6400;-41.0200;-9.6200
1655.4000;-50.9200;-41.0700;-9.8500
1655.5000;-51.2200;-41.1300;-10.0900
1655.6000;-51.5300;-41.1800;-10.3500
1655.7000;-51.8600;-41.2400;-10.6200
1655.8000;-52.2000;-41.2900;-10.9100
1655.9000;-52.5600;-41.3400;-11.2200
1656.0000;-52.9300;-41.3900;-11.5400
1656.1000;-53.3100;-41.4400;-11.8700
1656.2000;-53.7000;-41.4900;-12.2100
1656.3000;-54.1100;-41.5300;-12.5800
1656.4000;-54.5300;-41.5800;-12.9500
1656.5000;-54.9500;-41.6300;-13.3200
1656.6000;-55.3900;-41.6800;-13.7100
1656.7000;-55.8100;-41.7300;-14.0800
1656.8000;-56.2300;-41.7800;-14.4500
1656.9000;-56.6300;-41.8300;-14.8000
1657.0000;-57.0100;-41.8800;-15.1300
1657.1000;-57.3500;-41.9300;-15.4200
1657.2000;-57.6300;-41.9800;-15.6500
1657.3000;-57.8500;-42.0300;-15.8200
1657.4000;-57.9900;-42.0800;-15.9100
1657.5000;-58.0500;-42.1200;-15.9300
1657.6000;-58.0300;-42.1700;-15.8600
1657.7000;-57.9300;-42.2200;-15.7100
1657.8000;-57.7500;-42.2700;-15.4800
1657.9000;-57.5000;-42.3200;-15.1800
1658.0000;-57.2100;-42.3700;-14.8400
1658.1000;-56.8800;-42.4200;-14.4600
1658.2000;-56.5200;-42.4700;-14.0500
1658.3000;-56.1500;-42.5100;-13.6400
1658.4000;-55.7700;-42.5600;-13.2100
1658.5000;-55.3900;-42.6100;-12.7800
1658.6000;-55.0100;-42.6600;-12.3500
1658.7000;-54.6400;-42.7100;-11.9300
1658.8000;-54.2800;-42.7600;-11.5200
1658.9000;-53.9400;-42.8100;-11.1300
1659.0000;-53.6100;-42.8600;-10.7500
1659.1000;-53.2900;-42.9100;-10.3800
1659.2000;-52.9900;-42.9600;-10.0300
1659.3000;-52.7000;-43.0100;-9.6900
1659.4000;-52.4300;-43.0600;-9.3700
1659.5000;-52.1800;-43.1100;-9.0700
1659.6000;-51.9300;-43.1600;-8.7700
1659.7000;-51.7100;-43.2200;-8.4900
1659.8000;-51.5000;-43.2700;-8.2300
1659.9000;-51.3000;-43.3300;-7.9700
1660.0000;-51.1200;-43.3800;-7.7400
1660.1000;-50.9500;-43.4400;-7.5100
1660.2000;-50.8000;-43.5000;-7.3000
1660.3000;-50.6500;-43.5500;-7.1000
1660.4000;-50.5200;-43.6100;-6.9100
1660.5000;-50.3900;-43.6600;-6.7300
1660.6000;-50.2700;-43.7100;-6.5600
1660.7000;-50.1700;-43.7600;-6.4100
1660.8000;-50.0600;-43.8000;-6.2600
1660.9000;-49.9700;-43.8400;-6.1300
1661.0000;-49.8900;-43.8800;-6.0100
1661.1000;-49.8200;-43.9200;-5.9000
1661.2000;-49.7500;-43.9600;-5.7900
1661.3000;-49.7000;-44.0000;-5.7000
1661.4000;-49.6600;-44.0500;-5.6100
1661.5000;-49.6300;-44.0900;-5.5400
1661.6000;-49.6200;-44.1500;-5.4700
1661.7000;-49.6200;-44.2000;-5.4200
1661.8000;-49.6300;-44.2600;-5.3700
1661.9000;-49.6500;-44.3100;-5.3400
1662.0000;-49.6800;-44.3800;-5.3000
1662.1000;-49.7300;-44.4400;-5.2900
1662.2000;-49.7800;-44.5000;-5.2800
1662.3000;-49.8500;-44.5700;-5.2800
1662.4000;-49.9100;-44.6300;-5.2800
1662.5000;-49.9900;-44.6800;-5.3100
1662.6000;-50.0700;-44.7400;-5.3300
1662.7000;-50.1500;-44.7900;-5.3600
1662.8000;-50.2500;-44.8400;-5.4100
1662.9000;-50.3500;-44.8900;-5.4600
1663.0000;-50.4500;-44.9400;-5.5100
1663.1000;-50.5600;-44.9800;-5.5800
1663.2000;-50.6800;-45.0200;-5.6600
1663.3000;-50.8000;-45.0700;-5.7300
1663.4000;-50.9400;-45.1100;-5.8300
1663.5000;-51.0800;-45.1600;-5.9200
1663.6000;-51.2300;-45.2000;-6.0300
1663.7000;-51.3900;-45.2500;-6.1400
1663.8000;-51.5600;-45.2900;-6.2700
1663.9000;-51.7300;-45.3400;-6.3900
1664.0000;-51.9200;-45.3900;-6.5300
1664.1000;-52.1100;-45.4400;-6.6700
1664.2000;-52.3100;-45.4900;-6.8200
1664.3000;-52.5100;-45.5400;-6.9700
1664.4000;-52.7200;-45.5800;-7.1400
1664.5000;-52.9300;-45.6300;-7.3000
1664.6000;-53.1500;-45.6800;-7.4700
1664.7000;-53.3700;-45.7200;-7.6500
1664.8000;-53.5900;-45.7700;-7.8200
1664.9000;-53.8100;-45.8100;-8.0000
1665.0000;-54.0300;-45.8500;-8.1800
1665.1000;-54.2500;-45.9000;-8.3500
1665.2000;-54.4700;-45.9400;-8.5300
1665.3000;-54.6700;-45.9800;-8.6900
1665.4000;-54.8800;-46.0200;-8.8600
1665.5000;-55.0700;-46.0600;-9.0100
1665.6000;-55.2600;-46.1000;-9.1600
1665.7000;-55.4400;-46.1400;-9.3000
1665.8000;-55.6000;-46.1800;-9.4200
1665.9000;-55.7500;-46.2200;-9.5300
1666.0000;-55.8800;-46.2600;-9.6200
1666.1000;-55.9900;-46.3000;-9.6900
1666.2000;-56.0800;-46.3400;-9.7400
1666.3000;-56.1500;-46.3800;-9.7700
1666.4000;-56.2000;-46.4200;-9.7800
1666.5000;-56.2300;-46.4500;-9.7800
1666.6000;-56.2300;-46.4900;-9.7400
1666.7000;-56.2100;-46.5300;-9.6800
1666.8000;-56.1700;-46.5600;-9.6100
1666.9000;-56.1100;-46.5900;-9.5200
1667.0000;-56.0300;-46.6300;-9.4000
1667.1000;-55.9400;-46.6600;-9.2800
1667.2000;-55.8400;-46.6900;-9.1500
1667.3000;-55.7200;-46.7200;-9.0000
1667.4000;-55.6000;-46.7600;-8.8400
1667.5000;-55.4700;-46.7900;-8.6800
1667.6000;-55.3500;-46.8300;-8.5200
1667.7000;-55.2100;-46.8700;-8.3400
1667.8000;-55.0800;-46.9100;-8.1700
1667.9000;-54.9400;-46.9500;-7.9900
1668.0000;-54.8100;-46.9900;-7.8200
1668.1000;-54.6800;-47.0300;-7.6500
1668.2000;-54.5500;-47.0700;-7.4800
1668.3000;-54.4200;-47.1000;-7.3200
1668.4000;-54.3000;-47.1400;-7.1600
1668.5000;-54.1700;-47.1800;-6.9900
1668.6000;-54.0500;-47.2100;-6.8400
1668.7000;-53.9300;-47.2400;-6.6900
1668.8000;-53.8200;-47.2700;-6.5500
1668.9000;-53.7100;-47.3000;-6.4100
1669.0000;-53.6100;-47.3200;-6.2900
1669.1000;-53.5200;-47.3500;-6.1700
1669.2000;-53.4300;-47.3800;-6.0500
1669.3000;-53.3400;-47.4000;-5.9400
1669.4000;-53.2700;-47.4300;-5.8400
1669.5000;-53.2000;-47.4600;-5.7400
1669.6000;-53.1400;-47.4900;-5.6500
1669.7000;-53.0900;-47.5200;-5.5700
1669.8000;-53.0500;-47.5600;-5.4900
1669.9000;-53.0100;-47.5900;-5.4200
1670.0000;-52.9900;-47.6200;-5.3700
1670.1000;-52.9600;-47.6600;-5.3000
1670.2000;-52.9500;-47.6900;-5.2600
1670.3000;-52.9400;-47.7300;-5.2100
1670.4000;-52.9400;-47.7700;-5.1700
1670.5000;-52.9500;-47.8100;-5.1400
1670.6000;-52.9700;-47.8500;-5.1200
1670.7000;-52.9900;-47.8900;-5.1000
1670.8000;-53.0200;-47.9400;-5.0800
1670.9000;-53.0600;-47.9800;-5.0800
1671.0000;-53.1100;-48.0300;-5.0800
1671.1000;-53.1600;-48.0800;-5.0800
1671.2000;-53.2200;-48.1300;-5.0900
1671.3000;-53.2900;-48.1800;-5.1100
1671.4000;-53.3500;-48.2200;-5.1300
1671.5000;-53.4200;-48.2700;-5.1500
1671.6000;-53.5000;-48.3100;-5.1900
1671.7000;-53.5800;-48.3600;-5.2200
1671.8000;-53.6600;-48.4000;-5.2600
1671.9000;-53.7400;-48.4400;-5.3000
1672.0000;-53.8200;-48.4800;-5.3400
1672.1000;-53.9000;-48.5100;-5.3900
1672.2000;-53.9900;-48.5500;-5.4400
1672.3000;-54.0800;-48.5900;-5.4900
1672.4000;-54.1600;-48.6300;-5.5300
1672.5000;-54.2500;-48.6700;-5.5800
1672.6000;-54.3400;-48.7100;-5.6300
1672.7000;-54.4200;-48.7400;-5.6800
1672.8000;-54.5100;-48.7800;-5.7300
1672.9000;-54.5800;-48.8200;-5.7600
1673.0000;-54.6600;-48.8500;-5.8100
1673.1000;-54.7400;-48.8900;-5.8500
1673.2000;-54.8100;-48.9300;-5.8800
1673.3000;-54.8800;-48.9700;-5.9100
1673.4000;-54.9400;-49.0100;-5.9300
1673.5000;-55.0000;-49.0500;-5.9500
1673.6000;-55.0500;-49.0900;-5.9600
1673.7000;-55.1000;-49.1300;-5.9700
1673.8000;-55.1400;-49.1700;-5.9700
1673.9000;-55.1800;-49.2200;-5.9600
1674.0000;-55.2100;-49.2600;-5.9500
1674.1000;-55.2300;-49.3100;-5.9200
1674.2000;-55.2400;-49.3600;-5.8800
1674.3000;-55.2500;-49.4000;-5.8500
1674.4000;-55.2400;-49.4500;-5.7900
1674.5000;-55.2300;-49.4900;-5.7400
1674.6000;-55.2200;-49.5300;-5.6900
1674.7000;-55.1900;-49.5800;-5.6100
1674.8000;-55.1600;-49.6200;-5.5400
1674.9000;-55.1200;-49.6600;-5.4600
1675.0000;-55.0800;-49.7000;-5.3800
1675.1000;-55.0300;-49.7400;-5.2900
1675.2000;-54.9800;-49.7900;-5.1900
1675.3000;-54.9300;-49.8300;-5.1000
1675.4000;-54.8700;-49.8700;-5.0000
1675.5000;-54.8100;-49.9100;-4.9000
1675.6000;-54.7400;-49.9500;-4.7900
1675.7000;-54.6700;-49.9900;-4.6800
1675.8000;-54.6100;-50.0200;-4.5900
1675.9000;-54.5400;-50.0600;-4.4800
1676.0000;-54.4700;-50.0900;-4.3800
1676.1000;-54.4100;-50.1300;-4.2800
1676.2000;-54.3400;-50.1600;-4.1800
1676.3000;-54.2800;-50.1900;-4.0900
1676.4000;-54.2200;-50.2200;-4.0000
1676.5000;-54.1600;-50.2500;-3.9100
1676.6000;-54.1000;-50.2800;-3.8200
1676.7000;-54.0500;-50.3100;-3.7400
1676.8000;-54.0000;-50.3400;-3.6600
1676.9000;-53.9500;-50.3700;-3.5800
1677.0000;-53.9100;-50.4000;-3.5100
1677.1000;-53.8700;-50.4300;-3.4400
1677.2000;-53.8400;-50.4700;-3.3700
1677.3000;-53.8200;-50.5000;-3.3200
1677.4000;-53.8000;-50.5400;-3.2600
1677.5000;-53.7800;-50.5800;-3.2000
1677.6000;-53.7700;-50.6200;-3.1500
1677.7000;-53.7600;-50.6600;-3.1000
1677.8000;-53.7600;-50.7000;-3.0600
1677.9000;-53.7700;-50.7500;-3.0200
1678.0000;-53.7800;-50.7900;-2.9900
1678.1000;-53.7900;-50.8400;-2.9500
1678.2000;-53.8100;-50.8800;-2.9300
1678.3000;-53.8300;-50.9200;-2.9100
1678.4000;-53.8500;-50.9600;-2.8900
1678.5000;-53.8700;-51.0000;-2.8700
1678.6000;-53.9000;-51.0300;-2.8700
1678.7000;-53.9200;-51.0500;-2.8700
1678.8000;-53.9400;-51.0800;-2.8600
1678.9000;-53.9700;-51.1000;-2.8700
1679.0000;-53.9900;-51.1200;-2.8700
1679.1000;-54.0200;-51.1300;-2.8900
1679.2000;-54.0500;-51.1500;-2.9000
1679.3000;-54.0900;-51.1700;-2.9200
1679.4000;-54.1400;-51.1900;-2.9500
1679.5000;-54.1900;-51.2100;-2.9800
1679.6000;-54.2400;-51.2400;-3.0000
1679.7000;-54.3000;-51.2600;-3.0400
1679.8000;-54.3700;-51.2900;-3.0800
1679.9000;-54.4400;-51.3300;-3.1100
1680.0000;-54.5200;-51.3700;-3.1500
1680.1000;-54.6000;-51.4100;-3.1900
1680.2000;-54.6900;-51.4500;-3.2400
1680.3000;-54.7800;-51.5000;-3.2800
1680.4000;-54.8600;-51.5400;-3.3200
1680.5000;-54.9500;-51.5800;-3.3700
1680.6000;-55.0400;-51.6200;-3.4200
1680.7000;-55.1300;-51.6600;-3.4700
1680.8000;-55.2200;-51.7000;-3.5200
1680.9000;-55.3100;-51.7400;-3.5700
1681.0000;-55.4000;-51.7800;-3.6200
1681.1000;-55.4900;-51.8200;-3.6700
1681.2000;-55.5700;-51.8500;-3.7200
1681.3000;-55.6500;-51.8900;-3.7600
1681.4000;-55.7200;-51.9200;-3.8000
1681.5000;-55.8000;-51.9500;-3.8500
1681.6000;-55.8700;-51.9900;-3.8800
1681.7000;-55.9400;-52.0200;-3.9200
1681.8000;-56.0000;-52.0500;-3.9500
1681.9000;-56.0500;-52.0800;-3.9700
1682.0000;-56.1100;-52.1100;-4.0000
1682.1000;-56.1500;-52.1400;-4.0100
1682.2000;-56.2000;-52.1600;-4.0400
1682.3000;-56.2400;-52.1900;-4.0500
1682.4000;-56.2800;-52.2200;-4.0600
1682.5000;-56.3200;-52.2600;-4.0600
1682.6000;-56.3500;-52.3000;-4.0500
1682.7000;-56.3800;-52.3300;-4.0500
1682.8000;-56.4000;-52.3700;-4.0300
1682.9000;-56.4200;-52.4100;-4.0100
1683.0000;-56.4400;-52.4500;-3.9900
1683.1000;-56.4500;-52.5000;-3.9500
1683.2000;-56.4500;-52.5400;-3.9100
1683.3000;-56.4500;-52.5900;-3.8600
1683.4000;-56.4400;-52.6300;-3.8100
1683.5000;-56.4300;-52.6700;-3.7600
1683.6000;-56.4200;-52.7000;-3.7200
1683.7000;-56.4000;-52.7300;-3.6700
1683.8000;-56.3700;-52.7700;-3.6000
1683.9000;-56.3400;-52.8000;-3.5400
1684.0000;-56.3100;-52.8300;-3.4800
1684.1000;-56.2700;-52.8500;-3.4200
1684.2000;-56.2400;-52.8700;-3.3700
1684.3000;-56.2100;-52.9000;-3.3100
1684.4000;-56.1700;-52.9200;-3.2500
1684.5000;-56.1300;-52.9400;-3.1900
1684.6000;-56.0900;-52.9700;-3.1200
1684.7000;-56.0500;-52.9900;-3.0600
1684.8000;-56.0100;-53.0100;-3.0000
1684.9000;-55.9800;-53.0400;-2.9400
1685.0000;-55.9400;-53.0600;-2.8800
1685.1000;-55.9200;-53.0900;-2.8300
1685.2000;-55.8900;-53.1200;-2.7700
1685.3000;-55.8600;-53.1400;-2.7200
1685.4000;-55.8500;-53.1800;-2.6700
1685.5000;-55.8400;-53.2100;-2.6300
1685.6000;-55.8300;-53.2400;-2.5900
1685.7000;-55.8200;-53.2800;-2.5400
1685.8000;-55.8100;-53.3200;-2.4900
1685.9000;-55.8000;-53.3600;-2.4400
1686.0000;-55.7900;-53.4000;-2.3900
1686.1000;-55.7900;-53.4400;-2.3500
1686.2000;-55.8000;-53.4800;-2.3200
1686.3000;-55.8000;-53.5200;-2.2800
1686.4000;-55.8000;-53.5600;-2.2400
1686.5000;-55.7900;-53.5900;-2.2000
1686.6000;-55.7900;-53.6300;-2.1600
1686.7000;-55.7900;-53.6600;-2.1300
1686.8000;-55.8000;-53.6800;-2.1200
1686.9000;-55.8000;-53.7000;-2.1000
1687.0000;-55.8000;-53.7200;-2.0800
1687.1000;-55.8100;-53.7400;-2.0700
1687.2000;-55.8000;-53.7500;-2.0500
1687.3000;-55.8000;-53.7600;-2.0400
1687.4000;-55.8000;-53.7700;-2.0300
1687.5000;-55.8100;-53.7800;-2.0300
1687.6000;-55.8200;-53.7900;-2.0300
1687.7000;-55.8300;-53.8100;-2.0200
1687.8000;-55.8400;-53.8200;-2.0200
1687.9000;-55.8400;-53.8300;-2.0100
1688.0000;-55.8500;-53.8400;-2.0100
1688.1000;-55.8600;-53.8500;-2.0100
1688.2000;-55.8800;-53.8600;-2.0200
1688.3000;-55.9000;-53.8800;-2.0200
1688.4000;-55.9300;-53.9000;-2.0300
1688.5000;-55.9500;-53.9100;-2.0400
1688.6000;-55.9800;-53.9300;-2.0500
1688.7000;-56.0100;-53.9500;-2.0600
1688.8000;-56.0400;-53.9700;-2.0700
1688.9000;-56.0800;-54.0000;-2.0800
1689.0000;-56.1200;-54.0300;-2.0900
1689.1000;-56.1600;-54.0600;-2.1000
1689.2000;-56.2000;-54.0900;-2.1100
1689.3000;-56.2400;-54.1200;-2.1200
1689.4000;-56.2800;-54.1500;-2.1300
1689.5000;-56.3200;-54.1900;-2.1300
1689.6000;-56.3600;-54.2300;-2.1300
1689.7000;-56.4000;-54.2600;-2.1400
1689.8000;-56.4400;-54.2900;-2.1500
1689.9000;-56.4800;-54.3200;-2.1600
1690.0000;-56.5100;-54.3600;-2.1500
1690.1000;-56.5400;-54.3900;-2.1500
1690.2000;-56.5700;-54.4200;-2.1500
1690.3000;-56.5900;-54.4400;-2.1500
1690.4000;-56.6100;-54.4600;-2.1500
1690.5000;-56.6300;-54.4700;-2.1600
1690.6000;-56.6300;-54.4900;-2.1400
1690.7000;-56.6300;-54.5000;-2.1300
1690.8000;-56.6400;-54.5100;-2.1300
1690.9000;-56.6400;-54.5200;-2.1200
1691.0000;-56.6500;-54.5300;-2.1200
1691.1000;-56.6400;-54.5300;-2.1100
1691.2000;-56.6400;-54.5400;-2.1000
1691.3000;-56.6400;-54.5600;-2.0800
1691.4000;-56.6400;-54.5700;-2.0700
1691.5000;-56.6400;-54.5800;-2.0600
1691.6000;-56.6500;-54.5900;-2.0600
1691.7000;-56.6700;-54.6100;-2.0600
1691.8000;-56.6800;-54.6400;-2.0400
1691.9000;-56.7000;-54.6600;-2.0400
1692.0000;-56.7200;-54.6900;-2.0300
1692.1000;-56.7400;-54.7300;-2.0100
1692.2000;-56.7700;-54.7700;-2.0000
1692.3000;-56.7900;-54.7900;-2.0000
1692.4000;-56.8300;-54.8200;-2.0100
1692.5000;-56.8700;-54.8500;-2.0200
1692.6000;-56.9100;-54.8900;-2.0200
1692.7000;-56.9500;-54.9200;-2.0300
1692.8000;-56.9700;-54.9500;-2.0200
1692.9000;-56.9900;-54.9800;-2.0100
1693.0000;-57.0200;-55.0100;-2.0100
1693.1000;-57.0500;-55.0400;-2.0100
1693.2000;-57.0900;-55.0700;-2.0200
1693.3000;-57.1200;-55.0900;-2.0300
1693.4000;-57.1500;-55.1100;-2.0400
1693.5000;-57.1800;-55.1300;-2.0500
1693.6000;-57.2200;-55.1400;-2.0800
1693.7000;-57.2500;-55.1400;-2.1100
1693.8000;-57.3000;-55.1500;-2.1500
1693.9000;-57.3500;-55.1500;-2.2000
1694.0000;-57.3800;-55.1400;-2.2400
1694.1000;-57.4200;-55.1400;-2.2800
1694.2000;-57.4800;-55.1300;-2.3500
1694.3000;-57.5500;-55.1400;-2.4100
1694.4000;-57.6200;-55.1400;-2.4800
1694.5000;-57.6800;-55.1500;-2.5300
1694.6000;-57.7500;-55.1800;-2.5700
1694.7000;-57.8200;-55.2000;-2.6200
1694.8000;-57.8900;-55.2200;-2.6700
1694.9000;-57.9600;-55.2500;-2.7100
1695.0000;-58.0700;-55.2800;-2.7900
1695.1000;-58.2000;-55.3000;-2.9000
1695.2000;-58.3000;-55.3300;-2.9700
1695.3000;-58.3900;-55.3400;-3.0500
1695.4000;-58.4900;-55.3700;-3.1200
1695.5000;-58.6000;-55.4100;-3.1900
1695.6000;-58.7000;-55.4300;-3.2700
1695.7000;-58.7900;-55.4500;-3.3400
1695.8000;-58.8900;-55.4600;-3.4300
1695.9000;-59.0000;-55.4700;-3.5300
1696.0000;-59.1000;-55.4800;-3.6200
1696.1000;-59.1800;-55.5000;-3.6800
1696.2000;-59.2500;-55.5200;-3.7300
1696.3000;-59.3300;-55.5400;-3.7900
1696.4000;-59.4100;-55.5500;-3.8600
1696.5000;-59.5000;-55.5700;-3.9300
1696.6000;-59.5800;-55.5800;-4.0000
1696.7000;-59.6600;-55.5900;-4.0700
1696.8000;-59.7300;-55.6000;-4.1300
1696.9000;-59.7700;-55.6100;-4.1600
1697.0000;-59.7900;-55.6100;-4.1800
1697.1000;-59.8100;-55.6200;-4.1900
1697.2000;-59.8600;-55.6100;-4.2500
1697.3000;-59.9200;-55.6200;-4.3000
1697.4000;-59.9300;-55.6300;-4.3000
1697.5000;-59.8900;-55.6300;-4.2600
1697.6000;-59.8700;-55.6600;-4.2100
1697.7000;-59.8500;-55.6800;-4.1700
1697.8000;-59.8200;-55.6900;-4.1300
1697.9000;-59.8400;-55.7100;-4.1300
1698.0000;-59.8200;-55.7500;-4.0700
1698.1000;-59.7600;-55.7900;-3.9700
1698.2000;-59.6700;-55.8200;-3.8500
1698.3000;-59.5800;-55.8400;-3.7400
1698.4000;-59.5200;-55.8700;-3.6500
1698.5000;-59.4800;-55.8900;-3.5900
1698.6000;-59.4200;-55.9100;-3.5100
1698.7000;-59.3300;-55.9300;-3.4000
1698.8000;-59.2300;-55.9700;-3.2600
1698.9000;-59.1200;-56.0000;-3.1200
1699.0000;-59.0600;-56.0100;-3.0500
1699.1000;-59.0300;-56.0200;-3.0100
1699.2000;-58.9700;-56.0400;-2.9300
1699.3000;-58.8900;-56.0500;-2.8400
1699.4000;-58.7900;-56.0700;-2.7200
1699.5000;-58.6800;-56.0800;-2.6000
1699.6000;-58.6000;-56.0800;-2.5200
1699.7000;-58.5300;-56.0800;-2.4500
1699.8000;-58.4600;-56.0900;-2.3700
1699.9000;-58.3900;-56.0800;-2.3100
1700.0000;-58.3100;-56.0700;-2.2400
1700.1000;-58.1900;-56.0900;-2.1000
1700.2000;-58.1000;-56.1100;-1.9900
1700.3000;-58.0500;-56.1300;-1.9200
1700.4000;-58.0000;-56.1300;-1.8700
1700.5000;-57.9700;-56.1300;-1.8400
1700.6000;-57.9200;-56.1300;-1.7900
1700.7000;-57.8500;-56.1500;-1.7000
1700.8000;-57.7800;-56.1800;-1.6000
1700.9000;-57.7100;-56.2100;-1.5000
1701.0000;-57.6700;-56.2600;-1.4100
1701.1000;-57.6400;-56.2800;-1.3600
1701.2000;-57.6100;-56.3100;-1.3000
1701.3000;-57.5900;-56.3400;-1.2500
1701.4000;-57.5900;-56.4000;-1.1900
1701.5000;-57.5500;-56.4300;-1.1200
1701.6000;-57.5500;-56.4600;-1.0900
1701.7000;-57.6000;-56.4800;-1.1200
1701.8000;-57.6900;-56.4700;-1.2200
1701.9000;-57.7500;-56.4700;-1.2800
1702.0000;-57.7700;-56.4700;-1.3000
1702.1000;-57.8000;-56.4800;-1.3200
1702.2000;-57.8500;-56.5100;-1.3400
1702.3000;-57.8700;-56.5100;-1.3600
1702.4000;-57.9000;-56.5200;-1.3800
1702.5000;-57.9300;-56.5500;-1.3800
1702.6000;-57.9400;-56.5600;-1.3800
1702.7000;-57.9600;-56.5900;-1.3700
1702.8000;-58.0100;-56.6200;-1.3900
1702.9000;-58.0700;-56.6600;-1.4100
1703.0000;-58.1900;-56.7100;-1.4800
1703.1000;-58.3100;-56.7600;-1.5500
1703.2000;-58.3700;-56.7800;-1.5900
1703.3000;-58.4300;-56.8100;-1.6200
1703.4000;-58.5400;-56.8300;-1.7100
1703.5000;-58.7000;-56.8500;-1.8500
1703.6000;-58.8700;-56.8900;-1.9800
1703.7000;-58.9800;-56.9200;-2.0600
1703.8000;-59.0500;-56.9500;-2.1000
1703.9000;-59.1500;-56.9600;-2.1900
1704.0000;-59.3000;-56.9800;-2.3200
1704.1000;-59.4400;-56.9900;-2.4500
1704.2000;-59.6200;-57.0200;-2.6000
1704.3000;-59.8100;-57.0300;-2.7800
1704.4000;-59.9700;-57.0100;-2.9600
1704.5000;-60.0800;-57.0100;-3.0700
1704.6000;-60.2400;-57.0100;-3.2300
1704.7000;-60.4500;-57.0300;-3.4200
1704.8000;-60.7000;-57.0300;-3.6700
1704.9000;-60.9100;-57.0300;-3.8800
1705.0000;-61.0800;-57.0400;-4.0400
1705.1000;-61.2700;-57.0400;-4.2300
1705.2000;-61.4600;-56.9800;-4.4800
1705.3000;-61.7000;-56.9400;-4.7600
1705.4000;-61.8800;-56.9800;-4.9000
1705.5000;-62.1500;-57.0300;-5.1200
1705.6000;-62.5100;-57.0700;-5.4400
1705.7000;-62.7900;-57.0600;-5.7300
1705.8000;-63.0600;-57.0700;-5.9900
1705.9000;-63.2700;-57.1100;-6.1600
1706.0000;-63.4300;-57.1600;-6.2700
1706.1000;-63.6400;-57.2100;-6.4300
1706.2000;-63.6400;-57.3000;-6.3400
1706.3000;-63.5500;-57.3700;-6.1800
1706.4000;-63.7600;-57.3800;-6.3800
1706.5000;-63.8700;-57.3900;-6.4800
1706.6000;-63.7400;-57.4200;-6.3200
1706.7000;-63.6700;-57.4700;-6.2000
1706.8000;-63.5800;-57.5100;-6.0700
1706.9000;-63.5000;-57.5300;-5.9700
1707.0000;-63.3700;-57.5200;-5.8500
1707.1000;-63.1400;-57.5300;-5.6100
1707.2000;-63.1800;-57.5700;-5.6100
1707.3000;-63.2400;-57.6100;-5.6300
1707.4000;-63.0800;-57.6400;-5.4400
1707.5000;-62.8500;-57.6300;-5.2200
1707.6000;-62.7000;-57.6100;-5.0900
1707.7000;-62.5700;-57.6400;-4.9300
1707.8000;-62.4400;-57.6600;-4.7800
1707.9000;-62.2300;-57.6800;-4.5500
1708.0000;-62.0600;-57.7400;-4.3200
1708.1000;-61.9400;-57.7900;-4.1500
1708.2000;-61.7000;-57.8000;-3.9000
1708.3000;-61.5300;-57.8300;-3.7000
1708.4000;-61.3900;-57.8500;-3.5400
1708.5000;-61.2600;-57.8800;-3.3800
1708.6000;-61.1300;-57.9300;-3.2000
1708.7000;-60.9500;-57.9500;-3.0000
1708.8000;-60.7300;-57.9600;-2.7700
1708.9000;-60.5200;-57.9500;-2.5700
1709.0000;-60.3300;-57.9100;-2.4200
1709.1000;-60.2000;-57.8800;-2.3200
1709.2000;-60.0600;-57.8600;-2.2000
1709.3000;-59.9000;-57.8300;-2.0700
1709.4000;-59.7300;-57.8900;-1.8400
1709.5000;-59.5800;-57.9600;-1.6200
1709.6000;-59.4500;-57.9900;-1.4600
1709.7000;-59.3300;-58.0100;-1.3200
1709.8000;-59.2600;-58.0300;-1.2300
1709.9000;-59.2500;-58.0200;-1.2300
1710.0000;-59.2100;-57.9900;-1.2200
1710.1000;-59.1200;-58.0000;-1.1200
1710.2000;-59.0700;-58.0400;-1.0300
1710.3000;-58.9700;-58.0800;-0.8900
1710.4000;-58.9100;-58.1400;-0.7700
1710.5000;-58.8500;-58.1600;-0.6900
1710.6000;-58.7200;-58.1900;-0.5300
1710.7000;-58.6300;-58.2100;-0.4200
1710.8000;-58.5700;-58.2000;-0.3700
1710.9000;-58.5300;-58.2700;-0.2600
1711.0000;-58.5400;-58.3400;-0.2000
1711.1000;-58.5700;-58.3200;-0.2500
1711.2000;-58.6500;-58.2500;-0.4000
1711.3000;-58.7500;-58.2000;-0.5500
1711.4000;-58.7800;-58.0800;-0.7000
1711.5000;-58.7800;-57.9600;-0.8200
1711.6000;-58.8400;-57.8500;-0.9900
1711.7000;-58.8500;-57.7900;-1.0600
1711.8000;-58.8400;-57.8400;-1.0000
1711.9000;-58.9000;-57.9100;-0.9900
1712.0000;-59.0100;-57.9500;-1.0600
1712.1000;-59.1100;-57.9900;-1.1200
1712.2000;-59.1700;-58.0500;-1.1200
1712.3000;-59.2400;-58.1100;-1.1300
1712.4000;-59.3700;-58.2600;-1.1100
1712.5000;-59.5500;-58.3800;-1.1700
1712.6000;-59.7300;-58.4600;-1.2700
1712.7000;-59.8700;-58.5600;-1.3100
1712.8000;-60.0900;-58.5800;-1.5100
1712.9000;-60.2700;-58.5400;-1.7300
1713.0000;-60.3900;-58.5400;-1.8500
1713.1000;-60.5100;-58.5700;-1.9400
1713.2000;-60.6100;-58.6200;-1.9900
1713.3000;-60.7100;-58.6900;-2.0200
1713.4000;-60.8500;-58.6200;-2.2300
1713.5000;-60.9600;-58.5300;-2.4300
1713.6000;-61.0800;-58.4900;-2.5900
1713.7000;-61.3900;-58.4800;-2.9100
1713.8000;-61.5500;-58.5000;-3.0500
1713.9000;-61.5700;-58.4700;-3.1000
1714.0000;-61.5700;-58.4200;-3.1500
1714.1000;-61.6400;-58.4100;-3.2300
1714.2000;-61.8600;-58.4600;-3.4000
1714.3000;-62.1500;-58.4500;-3.7000
1714.4000;-62.5600;-58.4800;-4.0800
1714.5000;-63.0200;-58.6200;-4.4000
1714.6000;-63.4100;-58.7500;-4.6600
1714.7000;-63.6300;-58.7600;-4.8700
1714.8000;-64.0000;-58.7400;-5.2600
1714.9000;-64.4700;-58.7700;-5.7000
1715.0000;-65.0000;-58.8100;-6.1900
1715.1000;-65.3200;-58.8100;-6.5100
1715.2000;-65.5200;-58.6500;-6.8700
1715.3000;-65.4500;-58.5500;-6.9000
1715.4000;-64.9400;-58.5300;-6.4100
1715.5000;-64.5900;-58.4700;-6.1200
1715.6000;-64.7300;-58.4100;-6.3200
1715.7000;-64.9600;-58.3800;-6.5800
1715.8000;-65.0200;-58.3400;-6.6800
1715.9000;-65.2200;-58.2900;-6.9300
1716.0000;-65.4400;-58.2300;-7.2100
1716.1000;-64.9100;-58.2200;-6.6900
1716.2000;-64.5600;-58.2700;-6.2900
1716.3000;-64.8100;-58.2800;-6.5300
1716.4000;-64.9500;-58.2600;-6.6900
1716.5000;-65.2300;-58.3100;-6.9200
1716.6000;-65.2700;-58.4100;-6.8600
1716.7000;-64.8700;-58.5500;-6.3200
1716.8000;-64.5800;-58.6600;-5.9200
1716.9000;-64.5300;-58.7500;-5.7800
1717.0000;-64.2600;-58.8800;-5.3800
1717.1000;-64.2600;-59.0300;-5.2300
1717.2000;-64.2000;-59.1700;-5.0300
1717.3000;-63.6400;-59.2400;-4.4000
1717.4000;-63.1900;-59.2900;-3.9000
1717.5000;-62.9500;-59.3800;-3.5700
1717.6000;-62.8300;-59.3600;-3.4700
1717.7000;-62.4800;-59.2000;-3.2800
1717.8000;-62.1900;-59.1100;-3.0800
1717.9000;-61.8200;-59.1100;-2.7100
1718.0000;-61.5400;-59.1700;-2.3700
1718.1000;-61.5500;-59.1800;-2.3700
1718.2000;-61.4900;-59.0500;-2.4400
1718.3000;-61.4600;-59.0600;-2.4000
1718.4000;-61.6500;-59.0600;-2.5900
1718.5000;-61.5700;-58.8800;-2.6900
1718.6000;-61.2300;-58.8900;-2.3400
1718.7000;-61.1700;-59.0300;-2.1400
1718.8000;-61.0600;-59.1100;-1.9500
1718.9000;-60.7500;-59.1800;-1.5700
1719.0000;-60.4900;-59.1900;-1.3000
1719.1000;-60.4300;-59.1300;-1.3000
1719.2000;-60.3400;-59.2700;-1.0700
1719.3000;-60.1200;-59.4000;-0.7200
1719.4000;-59.9000;-59.4200;-0.4800
1719.5000;-59.8700;-59.6100;-0.2600
1719.6000;-60.0800;-59.6300;-0.4500
1719.7000;-60.3200;-59.6300;-0.6900
1719.8000;-60.4500;-59.8200;-0.6300
1719.9000;-60.5500;-60.0200;-0.5300
1720.0000;-60.6100;-60.1100;-0.5000
1720.1000;-60.3200;-60.0700;-0.2500
1720.2000;-60.0800;-59.7800;-0.3000
1720.3000;-60.1100;-59.6200;-0.4900
1720.4000;-60.1600;-59.6700;-0.4900
1720.5000;-60.0600;-59.6300;-0.4300
1720.6000;-59.8300;-59.6600;-0.1700
1720.7000;-59.6400;-59.7000;0.0600
1720.8000;-59.6600;-59.4600;-0.2000
1720.9000;-59.8100;-59.2300;-0.5800
1721.0000;-60.0400;-59.1400;-0.9000
1721.1000;-60.2700;-59.2100;-1.0600
1721.2000;-60.6500;-59.6300;-1.0200
1721.3000;-61.0500;-59.9100;-1.1400
1721.4000;-61.2500;-60.0900;-1.1600
1721.5000;-61.4400;-60.3900;-1.0500
1721.6000;-61.5700;-60.5900;-0.9800
1721.7000;-61.6400;-60.4800;-1.1600
1721.8000;-61.7500;-60.1600;-1.5900
1721.9000;-61.8100;-59.9500;-1.8600
1722.0000;-61.8400;-59.8500;-1.9900
1722.1000;-62.3600;-59.7500;-2.6100
1722.2000;-62.8300;-59.5400;-3.2900
1722.3000;-62.6900;-59.4000;-3.2900
1722.4000;-62.6400;-59.2500;-3.3900
1722.5000;-62.9000;-59.0700;-3.8300
1722.6000;-62.8900;-58.9600;-3.9300
1722.7000;-62.6000;-59.0600;-3.5400
1722.8000;-62.3200;-59.4400;-2.8800
1722.9000;-62.3000;-59.8200;-2.4800
1723.0000;-62.5000;-59.9100;-2.5900
1723.1000;-62.3300;-59.9800;-2.3500
1723.2000;-62.1200;-60.0000;-2.1200
1723.3000;-62.4800;-59.8800;-2.6000
1723.4000;-63.1400;-59.9600;-3.1800
1723.5000;-63.1100;-60.2200;-2.8900
1723.6000;-63.7000;-60.3500;-3.3500
1723.7000;-65.0100;-60.3500;-4.6600
1723.8000;-66.4600;-60.3100;-6.1500
1723.9000;-67.4100;-60.1000;-7.3100
1724.0000;-68.5000;-60.1300;-8.3700
1724.1000;-70.0600;-60.3100;-9.7500
1724.2000;-69.2700;-60.4700;-8.8000
1724.3000;-69.9000;-60.8200;-9.0800
1724.4000;-72.6800;-60.9300;-11.7500
1724.5000;-210.0000;-60.6900;-149.3100
1724.6000;-210.0000;-60.6100;-149.3900
1724.7000;-210.0000;-60.4900;-149.5100
1724.8000;-210.0000;-60.3900;-149.6100
1724.9000;-210.0000;-60.3500;-149.6500
1725.0000;-70.9000;-60.1600;-10.7400
